WIDTH	LENGTH
15 		15

LEGEND:
	0 = empty gap
	1 = normal block
 ___________________________
|          LENGTH           |
							   _
1 1 1 1 1 1 1 1 1 1 1 1 1 1 1   |
1 1 1 1 1 1 0 1 1 1 1 1 1 1 1	|
1 1 1 1 1 1 0 1 1 1 1 1 1 1 1	|
1 1 0 0 0 0 0 0 0 1 1 1 1 1 1	|
1 1 1 1 1 1 0 1 1 1 1 1 1 1 1	|
1 1 1 1 1 1 1 1 1 1 1 1 1 1 1	|
1 1 1 1 1 1 1 1 1 1 1 1 1 1 1	| WIDTH
1 1 1 1 1 1 1 1 1 1 1 1 0 1 1	|
1 1 1 1 1 1 1 1 1 1 1 1 1 1 1	|
1 1 1 1 1 1 1 1 1 0 1 1 1 1 1	|
1 1 1 1 1 1 1 1 1 1 1 1 1 1 1	|
1 1 1 1 1 1 1 1 1 1 1 0 1 1 1	|
1 1 1 1 1 1 1 1 0 1 1 1 1 1 1	|
1 1 1 1 1 1 1 1 1 1 1 1 1 1 1	|
1 1 1 1 1 1 1 1 1 1 1 1 1 1 1  _|

NUMBER OF INITIAL BLOCKS IN THE PLAYER:
9

INITIAL PLAYER POSITION:
X/WIDTH		Y/HEIGHT	Z/LENGTH
4			0			1
4			1			1
4			2			1
4			3			1
4			4			1
4			2			2
3			2			1
4			2			0
5			2			1